23.201293,72.632019,46.7,4
23.201293,72.632019,46.7,4
23.201137,72.631962,48.1,4
23.201019,72.631908,48.6,4
23.200949,72.631915,100,4
23.200794,72.631871,10,4
23.200699,72.631843,90,4
23.200474,72.63178,53.2,4
23.200344,72.631752,54.1,4
23.200207,72.631725,55.1,4
23.200063,72.631695,55.5,4
23.199921,72.631668,51.6,4
23.199794,72.631633,55.3,4
23.199654,72.631605,55,4
23.199514,72.63158,56.2,5
23.199372,72.631557,55.5,5
23.199234,72.63154,55.4,5
23.199097,72.631519,54.7,5
23.19896,72.631498,53.4,5
23.198827,72.631487,53.4,5
23.19869,72.631472,50.9,5
23.198562,72.631463,49.3,5
23.198441,72.631457,47.6,4
23.19832,72.631449,45,4
23.19821,72.631447,42.1,4
23.198107,72.631446,37.9,4
23.198012,72.631438,34.6,4
23.197925,72.631439,30.2,4
23.197851,72.631442,25.9,4
23.197785,72.631443,20.6,4
23.197738,72.631446,20.3,4.1
23.197689,72.631461,11.8,4.1
23.197671,72.631456,12.4,4.1
23.197641,72.631455,10.6,4.1
23.19762,72.631458,10.9,4.1
23.197595,72.631458,11.1,4.1
23.197566,72.631456,11.2,4.1
23.197538,72.631454,10.9,4.1
23.197508,72.631458,11.1,4.1
23.197478,72.631453,13.9,4.1
23.197441,72.631462,12.7,4.1
23.197411,72.631465,13.6,4.1
23.197377,72.631464,14.5,4.1
23.19734,72.631459,14.9,4.1
23.1973,72.631453,15.1,4.1
23.197261,72.631445,15.5,4.1
23.197221,72.631432,15.8,4.1
23.197192,72.631401,20.4,4.1
23.197226,72.631285,19.5,4.1
23.197243,72.631228,17.9,4.1
23.197254,72.631184,17.3,4.1
23.197266,72.631137,19,4.1
23.197273,72.631075,22,4.1
23.197271,72.63101,25.5,4.1
23.197269,72.630936,28.8,4.1
23.197272,72.630859,30.6,4.1
23.197272,72.630773,30,4.1
23.197276,72.630693,31.1,4.1
23.197275,72.630606,33.9,4.1
23.197276,72.630512,36.1,4.1
23.197277,72.630412,35.3,4.1
23.197275,72.630314,41.1,4.1
23.197277,72.630194,43.5,4.1
23.197278,72.630074,46.3,4.1
23.197288,72.629942,45.9,4.1
23.197289,72.629817,45.6,4.1
23.19729,72.629692,46.9,4.1
23.197289,72.629564,48.4,4.1
23.197286,72.629429,49.8,4.1
23.197284,72.629289,50,4.1
23.197277,72.629155,52.8,4.1
23.197271,72.629009,53.3,4.1
23.197256,72.628864,53.7,4.1
23.197252,72.628716,54.1,4.1
23.197245,72.628567,54.4,4.1
23.197234,72.628424,55.3,4.1
23.197225,72.628276,56,4.1
23.197216,72.628128,56.7,4.1
23.197205,72.627978,56.8,4.1
23.197194,72.627828,57.3,4.1
23.19718,72.627671,57.7,4.1
23.197167,72.627516,58.4,4.1
23.197151,72.627358,58.6,4.1
23.197134,72.627197,60.1,4.1
23.197112,72.627033,60,4.1
23.197089,72.62687,60.6,4.1
23.197065,72.626708,60.8,4.1
23.197044,72.626546,61,4.1
23.197019,72.626384,60.3,4.1
23.196989,72.626223,60.9,4.1
23.196957,72.626058,62,4.1
23.196931,72.625888,62,4.1
23.196896,72.625722,59.5,4.1
23.196863,72.625565,59.9,4.1
23.196836,72.625407,59.4,4.1
23.196808,72.625249,59,4.1
23.19678,72.625108,60.2,4.1
23.196742,72.62494,59.1,4.1
23.196719,72.624786,59.5,4.1
23.196685,72.624627,59.5,4.1
23.196656,72.624467,59.9,4.1
23.196613,72.624309,60.1,4.1
23.196576,72.62415,60.3,4.1
23.196535,72.623988,60.3,4.1
23.196494,72.623832,59.7,4.1
23.196455,72.62368,59.3,4.1
23.19642,72.623522,59.2,4.1
23.196378,72.623365,59.4,4.1
23.196334,72.623209,59.3,4.1
23.196285,72.623061,59.1,4.1
23.196246,72.622906,63.8,4.1
23.196188,72.622739,60.3,4.1
23.196138,72.622591,60.9,4.1
23.196085,72.622436,61.5,4.1
23.19603,72.62228,61.7,4.1
23.195978,72.622125,61.7,4.1
23.195927,72.621965,61.6,4.1
23.195876,72.62181,61.6,4.1
23.195823,72.621656,61.6,4.1
23.195766,72.621499,62.1,4.1
23.195708,72.621343,62.7,4.1
23.195655,72.621183,63.1,4.1
23.195601,72.621021,63.6,4.1
23.195545,72.620857,63.2,4.1
23.195479,72.620701,62.7,4.1
23.195412,72.620551,62.2,4.1
23.195337,72.620409,62,4.1
23.195265,72.620264,61.9,4.1
23.195191,72.620111,61.9,4.1
23.195127,72.619957,61.5,4.1
23.195061,72.619808,61.7,4.1
23.194992,72.619659,61.3,4.1
23.194925,72.61951,62.3,4.1
23.194853,72.619354,62.2,4.1
23.194788,72.619205,61.9,4.1
23.194719,72.619058,61.9,4.1
23.194651,72.618908,61.8,4.1
23.19458,72.618757,61.3,4.1
23.194511,72.618612,62.4,4.1
23.194442,72.618463,62,4.1
23.194361,72.618313,64.6,4.1
23.194284,72.618159,61.3,4.1
23.194215,72.61802,61.6,4.1
23.194141,72.617879,62.4,4.1
23.194067,72.617733,62.5,4.1
23.193989,72.617581,63,4.1
23.19391,72.617433,63.7,4.1
23.193835,72.617276,62.7,4.1
23.193752,72.617129,61.6,4.1
23.193679,72.616988,61.1,4.1
23.193603,72.616849,60.7,4.1
23.193527,72.616702,59.4,4.1
23.193462,72.616561,56.6,4.1
23.19339,72.616426,52.2,4.1
23.193326,72.616303,47.3,4.1
23.193267,72.616194,41.9,4.1
23.193214,72.6161,35.8,4.1
23.19317,72.616018,28.8,4.1
23.193133,72.615955,21.1,4.1
23.193107,72.615908,13.9,4.1
23.19309,72.61588,12.5,4.1
23.193073,72.615856,12.2,4.1
23.193061,72.615828,14.4,4.1
23.193047,72.615793,17.9,4.1
23.193023,72.61575,21.3,4.1
23.192991,72.615698,24.7,4.1
23.192954,72.615644,28.2,4.1
23.192921,72.615574,30.6,4.1
23.192887,72.615504,30.6,4.1
23.192851,72.615428,30.7,4.1
23.192818,72.615358,32.8,4.1
23.192778,72.615276,35.1,4.1
23.192736,72.615195,37.7,4.1
23.192693,72.615105,38.5,4.1
23.192644,72.615017,40.6,4.1
23.192593,72.614921,41.6,4.1
23.192547,72.614823,44.9,4.1
23.192482,72.614716,46.9,4.1
23.192422,72.614607,48.9,4.1
23.192367,72.614493,48.1,4.1
23.192305,72.614377,49.8,4.1
23.192238,72.614257,49.8,4.1
23.192174,72.614138,51,4.1
23.192107,72.614013,52.4,4.1
23.192037,72.613899,54.3,4.1
23.191964,72.613769,56.3,4.1
23.191892,72.613634,57.6,4.1
23.191811,72.613504,56.2,4.1
23.19175,72.613365,58.4,4.1
23.191681,72.613234,59.6,4.1
23.191605,72.613098,59.3,4.1
23.191533,72.612958,59.6,4.1
23.191455,72.612815,60.9,4.1
23.191382,72.612665,61.2,4.1
23.191304,72.61252,61.7,4.1
23.191243,72.612375,62.3,4.1
23.191162,72.612233,62.7,4.1
23.191076,72.612086,63.1,4.1
23.190996,72.611942,64.6,4.1
23.19091,72.611794,63.3,4.1
23.190824,72.611652,64,4.1
23.190741,72.611505,64.7,4.1
23.19066,72.611355,66,4.1
23.190581,72.611195,65.6,4.1
23.190502,72.61104,65.7,4.1
23.190415,72.610885,64.8,4.1
23.190345,72.610733,66.8,4.2
23.19026,72.610571,67.5,4.2
23.190177,72.6104,67.2,4.2
23.190091,72.61024,68.6,4.2
23.19,72.610074,65.8,4.2
23.189918,72.609918,67.2,4.2
23.189831,72.609759,68,4.2
23.189748,72.609597,68.4,4.2
23.189666,72.609433,68,4.2
23.189574,72.609276,67.6,4.2
23.189488,72.609111,67.7,4.2
23.189408,72.608953,67.6,4.2
23.189319,72.60879,65.3,4.2
23.189235,72.608643,67.9,4.2
23.189149,72.608477,67.4,4.2
23.189065,72.608317,67.5,4.2
23.18898,72.608161,67.1,4.2
23.188899,72.608005,66.2,4.2
23.188813,72.607847,67.2,4.2
23.188727,72.607683,66.6,4.2
23.188647,72.607526,66.6,4.2
23.188564,72.607367,66.3,4.2
23.18848,72.60721,66.6,4.2
23.188402,72.607055,66,4.2
23.188319,72.606902,66.1,4.2
23.188234,72.606746,65.1,4.2
23.188154,72.606593,65.3,4.2
23.188067,72.606436,65.4,4.2
23.187992,72.606284,65.2,4.2
23.187914,72.606132,64.9,4.2
23.187831,72.605972,65.5,4.2
23.187742,72.605816,65.1,4.2
23.187659,72.60566,66.2,4.2
23.187571,72.605504,66.9,4.2
23.187486,72.60535,67.5,4.2
23.187406,72.605194,68,4.2
23.187328,72.605039,68.2,4.2
23.187239,72.604877,64.9,4.2
23.187158,72.604725,64,4.2
23.187079,72.60458,67.9,4.2
23.186995,72.60442,68.8,4.2
23.186907,72.60426,69.8,4.2
23.186818,72.604094,70,4.2
23.18672,72.603927,70.7,4.2
23.186627,72.603756,70.1,4.2
23.18654,72.603589,71.4,4.2
23.186455,72.603422,70.1,4.2
23.186361,72.603254,70.2,4.2
23.186274,72.603085,70.2,4.2
23.186189,72.602919,70.3,4.2
23.186093,72.602746,69.8,4.2
23.186,72.602584,70.1,4.2
23.185912,72.602416,70.3,4.2
23.185824,72.602255,70.2,4.2
23.185736,72.602091,70.1,4.2
23.185651,72.60193,70.2,4.2
23.185562,72.601764,69.7,4.2
23.185474,72.601599,69.3,4.2
23.185384,72.601442,69.1,4.2
23.185295,72.601283,68.8,4.2
23.185209,72.601123,67.8,4.2
23.185123,72.600966,67.8,4.2
23.18504,72.600808,68.1,4.2
23.184954,72.600648,68.4,4.2
23.184872,72.600486,69,4.2
23.184787,72.600323,69.3,4.2
23.184705,72.600157,69.4,4.2
23.184623,72.599991,70.4,4.2
23.184538,72.59983,70.3,4.2
23.184453,72.599662,70,4.2
23.184365,72.599499,69.6,4.2
23.184278,72.599334,68.7,4.2
23.184196,72.599173,68.3,4.2
23.184112,72.599003,67.1,4.2
23.184034,72.598845,66.3,4.2
23.183955,72.598692,66.3,4.2
23.183872,72.598538,67.4,4.2
23.183782,72.598379,67.5,4.2
23.183698,72.598224,68,4.2
23.183615,72.598063,68.4,4.2
23.183522,72.597899,68.4,4.2
23.183422,72.59773,68.7,4.2
23.183337,72.59757,68.5,4.2
23.183251,72.597409,67.8,4.2
23.18317,72.597252,67.3,4.2
23.183086,72.597096,67.1,4.2
23.183004,72.59694,67.5,4.2
23.182928,72.596791,66.6,4.2
23.182836,72.59663,65.9,4.2
23.182743,72.59647,65.9,4.2
23.182654,72.596309,65.7,4.2
23.182569,72.596155,65.5,4.2
23.182487,72.595999,65.3,4.2
23.182405,72.595847,65.7,4.2
23.182322,72.595696,65.7,4.2
23.182238,72.595541,66,4.2
23.182156,72.595387,66.4,4.2
23.182071,72.595234,66.9,4.2
23.181985,72.59508,67.4,4.2
23.181901,72.594924,68.1,4.2
23.181812,72.594764,68.5,4.2
23.181729,72.594601,69.2,4.2
23.181641,72.594442,69.5,4.2
23.181549,72.594281,70.5,4.2
23.181456,72.594117,71,4.2
23.181366,72.593954,71.3,4.2
23.181276,72.593786,71.1,4.2
23.181183,72.593608,71.4,4.2
23.181093,72.593435,72.1,4.2
23.181,72.593268,71.9,4.2
23.180907,72.593097,72.8,4.2
23.180822,72.592922,72.8,4.2
23.180735,72.592751,73.7,4.2
23.180643,72.592577,73.8,4.2
23.180546,72.592403,73.4,4.2
23.180454,72.592229,72.9,4.2
23.180362,72.592055,72.2,4.2
23.180271,72.591885,73,4.2
23.180181,72.59171,71.8,4.2
23.180096,72.591549,72.3,4.2
23.180009,72.591378,72,4.2
23.179921,72.591211,72.4,4.2
23.179828,72.591034,72.2,4.2
23.179734,72.590866,71.7,4.2
23.179641,72.590702,71.7,4.2
23.179547,72.590536,72,4.2
23.179451,72.590368,72.7,4.2
23.179357,72.590195,71.8,4.2
23.179266,72.590026,71,4.2
23.179183,72.589874,70.4,4.2
23.179092,72.58971,69.7,4.2
23.179004,72.589539,68.8,4.2
23.178916,72.589378,68.3,4.2
23.178826,72.589215,67.7,4.2
23.178741,72.589056,66.3,4.2
23.178659,72.588897,65.9,4.2
23.178573,72.588744,65.5,4.2
23.17849,72.588591,64.7,4.2
23.17842,72.588437,63.9,4.2
23.178337,72.588287,63.5,4.2
23.178262,72.588138,63.8,4.2
23.178177,72.587989,61.6,4.2
23.178101,72.587846,61.1,4.2
23.178021,72.587694,60.6,4.2
23.177948,72.587553,59.8,4.2
23.177872,72.587415,56.2,4.2
23.177804,72.587281,56.3,4.2
23.177734,72.587149,55.2,4.2
23.177662,72.587021,51.9,4.2
23.177598,72.586902,48,4.2
23.177537,72.58679,43.5,4.2
23.177485,72.586694,38.6,4.2
23.17743,72.586605,33.7,4.2
23.177389,72.586529,29.4,4.2
23.177352,72.586462,23.4,4.2
23.177324,72.586411,18.1,4.2
23.177305,72.586374,16.1,4.2
23.177283,72.58634,11.7,4.2
23.177271,72.586314,10.6,4.2
23.17726,72.586294,6.7,4.2
23.177248,72.586278,3.1,4.2
23.177234,72.586273,3,4.2
23.177232,72.586268,4.1,4.2
23.177227,72.586257,8.5,4.2
23.177215,72.586236,9.9,4.2
23.177209,72.586212,10.7,4.2
23.177195,72.58619,10.5,4.2
23.177182,72.586163,11,4.2
23.177168,72.586134,11.6,4.2
23.177152,72.586105,12,4.2
23.177136,72.586074,13.4,4.2
23.177119,72.586042,13.3,4.2
23.177102,72.586008,13.7,4.2
23.177084,72.585975,14.5,4.2
23.177066,72.585938,15.2,4.2
23.177045,72.585898,18.3,4.2
23.177012,72.585836,17.6,4.2
23.176988,72.585793,18.3,4.2
23.176965,72.585748,19.2,4.2
23.176939,72.585701,19.7,4.2
23.176915,72.585659,21.1,4.2
23.17689,72.585611,21.5,4.2
23.176862,72.585555,21.9,4.2
23.176836,72.585504,21.8,4.2
23.176804,72.585453,24.8,4.2
23.176771,72.585389,25.5,4.2
23.176739,72.585329,27.9,4.2
23.176699,72.58526,27.9,4.2
23.176668,72.585194,28.2,4.2
23.176633,72.585129,30.9,4.2
23.176592,72.585047,32,4.2
23.176552,72.584974,33.4,4.2
23.176502,72.58489,33.8,4.2
23.176454,72.584816,33.2,4.2
23.176419,72.584741,33.3,4.2
23.176372,72.584661,33.1,4.2
23.176328,72.584586,36,4.2
23.176289,72.584502,36,4.2
23.176241,72.584419,35.7,4.2
23.176193,72.584337,34.8,4.2
23.176154,72.584253,36.4,4.2
23.176098,72.584162,37.4,4.2
23.176055,72.584074,38,4.2
23.176001,72.583982,36.4,4.2
23.175955,72.583902,39,4.2
23.175906,72.583809,38.9,4.2
23.175857,72.583718,40.8,4.2
23.175798,72.58362,46.3,4.2
23.17573,72.583497,48,4.2
23.17567,72.583376,49.2,4.2
23.17561,72.583259,50,4.2
23.175545,72.583139,50.8,4.2
23.175484,72.583022,51.2,4.2
23.175421,72.582899,53.1,4.2
23.175352,72.582768,53.2,4.2
23.175287,72.58265,52.7,4.2
23.17522,72.582527,52.5,4.2
23.175151,72.582417,52.2,4.2
23.175078,72.582283,51.6,4.2
23.175006,72.58216,50.7,4.2
23.174941,72.582053,49.5,4.2
23.174875,72.581943,50.2,4.2
23.174808,72.581829,51,4.2
23.174741,72.581714,51.3,4.2
23.17467,72.581592,52.2,4.2
23.174594,72.581472,52.6,4.2
23.174524,72.58135,52.9,4.2
23.174447,72.581228,52.6,4.2
23.174382,72.581111,52.8,4.2
23.174302,72.580994,53.2,4.2
23.174226,72.580881,53.2,4.2
23.174148,72.58076,52.7,4.2
23.174077,72.580641,52.1,4.2
23.174009,72.580519,51.6,4.2
23.173944,72.5804,51.6,4.2
23.173879,72.580281,50.1,4.2
23.173819,72.580161,48.1,4.2
23.17376,72.58005,46.9,4.2
23.173694,72.579935,46.8,4.2
23.173634,72.579826,47.9,4.2
23.17358,72.579708,48.3,4.2
23.173525,72.57959,48.9,4.2
23.173462,72.579467,48.6,4.2
23.173399,72.579353,48.7,4.2
23.173336,72.579238,48.5,4.2
23.173275,72.57912,48.9,4.2
23.173217,72.57901,49.5,4.2
23.173156,72.57889,49.3,4.4
23.173092,72.578781,53.1,4.4
23.173021,72.578654,51.9,4.4
23.172956,72.578532,51.3,4.4
23.172887,72.578417,50.7,4.4
23.172815,72.5783,50.1,4.4
23.172747,72.578191,50.2,4.4
23.172689,72.578084,50.7,4.4
23.172623,72.577968,51.1,4.4
23.172554,72.577853,52.2,4.4
23.172486,72.577733,52.3,4.4
23.172413,72.577613,53.2,4.4
23.172346,72.577491,54.4,4.4
23.172273,72.577364,55,4.4
23.1722,72.577234,55.7,4.4
23.17213,72.577106,55.9,4.4
23.172059,72.576975,56.3,4.4
23.171985,72.576844,57.6,4.4
23.171911,72.576708,57.7,4.4
23.171837,72.576571,57.9,4.4
23.171767,72.576432,57.9,4.4
23.171697,72.576293,58.9,4.4
23.171628,72.576151,58.7,4.4
23.171556,72.576014,57.3,4.4
23.171488,72.575879,56.1,4.4
23.17142,72.57575,54.8,4.4
23.171348,72.575625,52.4,4.4
23.17128,72.575508,48,4.4
23.171213,72.575406,47.5,4.4
23.171139,72.575285,47.1,4.4
23.17108,72.575176,45.4,4.4
23.171026,72.575075,44.1,4.4
23.170968,72.574973,40.5,4.4
23.170909,72.574886,38.8,4.4
23.17086,72.574798,37.5,4.4
23.170811,72.574709,37.2,4.4
23.170758,72.574618,36.7,4.4
23.170702,72.574528,35.3,4.4
23.17066,72.574452,35.1,4.4
23.170616,72.574378,35.5,4.4
23.170573,72.574292,36.8,4.4
23.170519,72.574211,39.9,4.4
23.170457,72.574113,42.2,4.4
23.170406,72.574024,44.9,4.4
23.170342,72.573917,45.4,4.4
23.170283,72.573812,47.2,4.4
23.170222,72.573703,47.5,4.4
23.170164,72.573591,48.9,4.4
23.170103,72.573475,51.9,4.4
23.170038,72.573346,53.8,4.4
23.169971,72.573217,56.6,4.4
23.1699,72.573079,56,4.4
23.169833,72.572944,56.1,4.4
23.169765,72.572812,56.9,4.4
23.169691,72.572682,57.6,4.4
23.169617,72.572542,58.5,4.4
23.169536,72.572406,58.8,4.4
23.169456,72.572275,59.1,4.4
23.169379,72.57214,58.6,4.4
23.169305,72.572007,59.5,4.4
23.169231,72.571867,60,4.4
23.169151,72.571723,60.6,4.4
23.169072,72.57159,60.3,4.4
23.168994,72.571452,60.9,4.4
23.168913,72.571315,61.1,4.4
23.168831,72.571166,61.7,4.4
23.16875,72.571024,62,4.4
23.168669,72.570882,61.7,4.4
23.168588,72.570741,62.4,4.4
23.168512,72.5706,61.4,4.4
23.168434,72.570455,62,4.4
23.168356,72.570308,62,4.4
23.168275,72.57016,61.7,4.4
23.168193,72.57002,61.5,4.4
23.168115,72.569883,60.7,4.4
23.168035,72.569738,59.9,4.4
23.167951,72.569601,59.1,4.4
23.167873,72.569467,58.4,4.4
23.167801,72.569332,58.4,4.4
23.167724,72.569197,59.4,4.4
23.167649,72.569058,60.4,4.4
23.167572,72.568916,61.5,4.4
23.167492,72.568779,61.9,4.4
23.167414,72.568636,63,4.4
23.167332,72.568485,63.7,4.4
23.167247,72.568337,63.7,4.4
23.167165,72.568189,62.8,4.4
23.167089,72.568034,64.3,4.4
23.167002,72.567878,63.4,4.4
23.166914,72.567736,63.5,4.4
23.166828,72.567589,63.4,4.4
23.166744,72.567444,62.5,4.4
23.166658,72.567294,62.7,4.4
23.16658,72.56716,63.1,4.4
23.166496,72.567013,63.5,4.4
23.16642,72.566864,63,4.4
23.166338,72.566722,63.7,4.4
23.166253,72.56657,63.9,4.4
23.166161,72.566419,63.8,4.4
23.166082,72.566271,63.7,4.4
23.165991,72.566114,63.8,4.4
23.16591,72.565965,63.7,4.4
23.165822,72.565814,62.9,4.4
23.165746,72.565672,62.7,4.4
23.16566,72.565535,62.7,4.4
23.165581,72.565395,62.7,4.4
23.165498,72.565245,62,4.4
23.165414,72.5651,60.6,4.4
23.165334,72.56496,61.4,4.4
23.165253,72.564816,61.3,4.4
23.165167,72.564676,60.1,4.4
23.165092,72.564536,59.5,4.4
23.165013,72.5644,58.9,4.4
23.164937,72.564265,58,4.4
23.164861,72.564133,57.5,4.4
23.164789,72.564002,57.5,4.4
23.164715,72.563863,57,4.4
23.164639,72.56373,57.1,4.4
23.164567,72.563602,57.3,4.4
23.164494,72.56347,57.7,4.4
23.164418,72.56334,58,4.4
23.16434,72.563207,58.5,4.4
23.164259,72.563073,59,4.4
23.164182,72.562936,59.1,4.4
23.164106,72.562797,60,4.4
23.164024,72.562657,60.5,4.4
23.163941,72.562518,61.2,4.4
23.16386,72.562375,62,4.4
23.163785,72.56223,62.8,4.4
23.163706,72.562084,63.8,4.4
23.16362,72.561937,64.7,4.4
23.163536,72.561783,64.4,4.4
23.163452,72.561633,64.2,4.4
23.163374,72.561482,64.5,4.4
23.163291,72.561337,64.8,4.4
23.163215,72.561181,65.6,4.4
23.163129,72.56103,66.4,4.4
23.163045,72.560876,66.3,4.4
23.162951,72.560724,66,4.4
23.162864,72.560574,65.9,4.4
23.162784,72.560421,66.1,4.4
23.162697,72.560274,66.4,4.4
23.162616,72.560118,66.2,4.4
23.162533,72.559967,66,4.4
23.162449,72.559819,65.9,4.4
23.162361,72.559665,65.7,4.4
23.162269,72.559514,65.1,4.4
23.16218,72.559368,64,4.4
23.162097,72.559218,63.1,4.4
23.162014,72.559071,62.4,4.4
23.161934,72.558926,61.5,4.4
23.161858,72.558777,60.8,4.4
23.161775,72.558637,59.9,4.4
23.161694,72.558497,59.2,4.4
23.161613,72.558361,58.6,4.4
23.161538,72.558228,58.1,4.4
23.161461,72.558094,57.2,4.4
23.161389,72.557956,57.2,4.4
23.161314,72.557824,55.5,4.4
23.161242,72.557697,55.1,4.4
23.161172,72.557568,53.6,4.4
23.161107,72.557445,54.5,4.4
23.161031,72.557317,53.7,4.4
23.160955,72.557189,46.9,4.4
23.160818,72.556967,47.3,4.4
23.160746,72.55686,50.9,4.4
23.160684,72.556731,38.7,4.4
23.160611,72.556691,29.2,4.4
23.16057,72.556655,18,4.4
23.160535,72.556624,9.3,4.4
23.160523,72.55661,7,4.4
23.160522,72.556591,8.5,4.4
23.160505,72.556578,10.9,4.4
23.16049,72.556555,14,4.4
23.160465,72.556532,17.2,4.4
23.160428,72.556508,22.2,4.4
23.160383,72.556469,24.9,4.4
23.160324,72.556436,27.8,4.4
23.160263,72.556394,32.7,4.4
23.160185,72.556345,32.7,4.4
23.160115,72.556302,33.8,4.4
23.16004,72.556252,36.1,4.4
23.159961,72.556203,37.5,4.4
23.159876,72.556149,39.1,4.4
23.159793,72.556096,41.3,4.4
23.159702,72.556035,43.7,4.4
23.159609,72.555975,45.6,4.4
23.159514,72.555911,47.1,4.4
23.159409,72.555841,46.2,4.4
23.159309,72.555767,45.7,4.4
23.15921,72.555707,46.3,4.4
23.159112,72.555641,47,4.4
23.15901,72.555577,48.9,4.4
23.158902,72.555501,49.6,4.4
23.158788,72.555438,50.3,4.4
23.158677,72.555369,50.5,4.4
23.158572,72.555301,50.8,4.4
23.158463,72.555225,51.5,4.4
23.158358,72.555154,51.8,4.4
23.158247,72.555084,54,4.4
23.158131,72.555008,53.8,4.4
23.158008,72.554935,55.4,4.4
23.157885,72.554857,55.6,4.4
23.157765,72.554775,54.1,4.4
23.157647,72.554701,53.9,4.4
23.157534,72.554621,52.6,4.4
23.157424,72.554557,52.2,4.4
23.157316,72.554479,51.5,4.4
23.157212,72.554408,50.9,4.4
23.157105,72.554337,49.1,4.4
23.157007,72.554265,46.4,4.4
23.156913,72.554205,44.2,4.4
23.156824,72.554138,39.9,4.4
23.15674,72.55409,39.3,4.4
23.156654,72.554024,38.6,4.4
23.156571,72.553972,38.3,4.4
23.156489,72.553916,38.1,4.4
23.156409,72.553866,39.2,4.4
23.156324,72.553814,40.3,4.4
23.156238,72.553762,43.3,4.4
23.156143,72.553693,44.1,4.4
23.156051,72.553635,45.7,4.4
23.155956,72.553575,47.7,4.4
23.155854,72.553511,50.8,4.4
23.155739,72.553436,53.2,4.4
23.155609,72.553346,49.4,4.4
23.155508,72.553279,52.5,4.4
23.155387,72.553199,55.7,4.4
23.155255,72.553128,63.9,4.4
23.152905,72.551502,63.8,4.4
23.152751,72.551397,63.4,4.4
23.152631,72.551332,63.3,4.4
23.152496,72.551243,61.8,4.4
23.152369,72.551159,62.2,4.4
23.152224,72.551059,62.1,4.4
23.152091,72.550979,61.9,4.4
23.151945,72.550889,61.7,4.4
23.151813,72.550807,61.6,4.4
23.151679,72.550717,61.3,4.4
23.15155,72.550631,61,4.4
23.15142,72.550541,61,4.4
23.151289,72.550454,61.6,4.4
23.151154,72.550364,61.1,4.4
23.151019,72.550274,62.2,4.4
23.15089,72.550188,62.6,4.4
23.150757,72.550107,63.4,4.4
23.150622,72.550018,63.9,4.4
23.150485,72.549932,65.3,4.4
23.150348,72.549839,66.5,4.4
23.150205,72.549743,67.9,4.4
23.15006,72.549645,68.4,4.4
23.149914,72.549551,68.7,4.4
23.149769,72.549455,68,4.4
23.14962,72.549358,67.4,4.4
23.149474,72.549262,67.1,4.4
23.149328,72.549163,67.5,4.4
23.149182,72.549059,67.6,4.4
23.149035,72.548965,68.6,4.4
23.148891,72.548869,68.7,4.4
23.148744,72.548775,68.2,4.4
23.1486,72.548681,70,4.4
23.148454,72.548589,70.5,4.4
23.148308,72.548493,71.3,4.4
23.148147,72.548393,71.7,4.4
23.147987,72.548286,71.4,4.4
23.14783,72.548176,71.4,4.4
23.147677,72.54807,70.9,4.4
23.147529,72.547963,70.1,4.4
23.147386,72.547859,69.9,4.4
23.147238,72.547763,68.3,4.4
23.147096,72.547666,68.3,4.4
23.146956,72.547569,67.9,4.4
23.146807,72.547478,66.9,4.4
23.146663,72.547376,67.1,4.4
23.146522,72.547285,65,4.4
23.146379,72.547192,63.6,4.4
23.146241,72.547096,62.4,4.4
23.146107,72.547011,61.5,4.4
23.145974,72.546921,60.3,4.4
23.145844,72.546837,59.4,4.4
23.145719,72.546759,59.2,4.4
23.145587,72.546676,59.4,4.4
23.145456,72.546592,59.5,4.4
23.145326,72.546503,59.5,4.4
23.145199,72.546418,59.7,4.4
23.145068,72.546341,58.9,4.5
23.144946,72.546258,58.9,4.5
23.144819,72.546176,58.4,4.5
23.144691,72.5461,57.4,4.5
23.144561,72.546021,58.1,4.5
23.144435,72.54594,56.7,4.5
23.144311,72.545863,57.4,4.5
23.144178,72.545794,58.3,4.5
23.14405,72.545726,58.4,4.5
23.143927,72.545659,57.2,4.5
23.143802,72.545593,56.1,4.5
23.143677,72.545525,55,4.5
23.143555,72.545451,53.5,4.5
23.14343,72.545388,53.1,4.5
23.143312,72.545322,53.1,4.5
23.143188,72.545255,51.5,4.5
23.14307,72.545191,50.6,4.5
23.142956,72.545129,50,4.5
23.142847,72.545066,49.9,4.5
23.14273,72.545004,49.4,4.5
23.142617,72.544938,49.2,4.5
23.142512,72.544875,50.3,4.5
23.142393,72.54482,50.4,4.5
23.142274,72.544763,50.7,4.5
23.142154,72.544706,50.5,4.5
23.142045,72.544646,52.9,4.5
23.14192,72.544589,53.9,4.5
23.141799,72.544532,54.1,4.5
23.141679,72.544477,53.9,4.5
23.14155,72.544423,54.9,4.5
23.141419,72.544374,55.9,4.5
23.141285,72.544326,55.8,4.5
23.141155,72.544276,55,4.5
23.141026,72.544226,54.7,4.5
23.14089,72.544177,56.1,4.5
23.14076,72.544127,56.5,4.5
23.140633,72.544076,57.7,4.5
23.140491,72.544025,59.1,4.5
23.140354,72.543973,59.6,4.5
23.140205,72.543931,59.4,4.5
23.140065,72.543882,60.2,4.5
23.139916,72.543832,60.6,4.5
23.139771,72.543786,61.1,4.5
23.139619,72.543743,61.4,4.5
23.139475,72.543689,61.1,4.5
23.139331,72.543642,61.7,4.5
23.139183,72.543597,62.4,4.5
23.139033,72.543547,60,4.5
23.13889,72.543502,59.3,4.5
23.138745,72.54346,59.1,4.5
23.138601,72.543418,59,4.5
23.138461,72.543379,59.3,4.5
23.138318,72.543336,59.8,4.5
23.138171,72.543295,59.1,4.5
23.138029,72.543256,58.4,4.5
23.137887,72.543215,57.8,4.5
23.137753,72.543173,55.4,4.5
23.137618,72.543125,56.1,4.5
23.137483,72.543085,55.5,4.5
23.137347,72.543048,54.9,4.5
23.137216,72.543017,51.8,4.5
23.137088,72.542985,48.6,4.5
23.136968,72.542962,45,4.5
23.136861,72.542942,41.2,4.5
23.136759,72.542928,36.9,4.5
23.136665,72.542916,33.5,4.5
23.136585,72.542904,29.8,4.5
23.136506,72.542899,24,4.5
23.136447,72.542906,19.3,4.5
23.136403,72.542908,14.7,4.5
23.136373,72.542915,12.5,4.5
23.13634,72.542915,12.1,4.5
23.136313,72.542917,11.6,4.5
23.136281,72.542919,10.9,4.5
23.136255,72.542921,11.1,4.5
23.13623,72.54293,12.1,4.5
23.136198,72.542935,13.1,4.5
23.136166,72.542931,13.8,4.5
23.136127,72.542937,10.2,4.5
23.136104,72.542945,9.9,4.5
23.136079,72.542948,9.9,4.5
23.136054,72.542949,10,4.5
23.13603,72.542952,10.6,4.5
23.136002,72.542952,11.7,4.5
23.135969,72.542947,18.6,4.5
23.135912,72.542908,19.4,4.5
23.135868,72.542887,28.9,4.5
23.135786,72.542836,31.3,4.5
23.135717,72.542794,31.9,4.5
23.135641,72.542756,33.2,4.5
23.13557,72.542719,36.4,4.5
23.135486,72.542685,42.5,4.5
23.135276,72.542618,43.7,4.5
23.135178,72.542584,47.8,4.5
23.135068,72.542539,47.8,4.5
23.134947,72.542503,47.8,4.5
23.134831,72.542468,49.7,4.5
23.134711,72.542427,49.7,4.5
23.13459,72.54239,49.9,4.5
23.134474,72.542361,50.6,4.5
23.134356,72.542326,50.6,4.5
23.134234,72.542289,52.6,4.5
23.134097,72.542247,52.6,4.5
23.133971,72.542206,53.1,4.5
23.133853,72.542165,51.4,4.5
23.133728,72.542132,49.1,4.5
23.133608,72.542098,49.1,4.5
23.133489,72.542063,50.7,4.5
23.133359,72.542037,50.7,4.5
23.133236,72.542002,49.4,4.5
23.133127,72.541968,49.6,4.5
23.133004,72.541933,49.6,4.5
23.132879,72.541893,50.6,4.5
23.13275,72.54186,50.5,4.5
23.132628,72.541824,52.7,4.5
23.13249,72.541776,53.7,4.5
23.13236,72.54174,52.8,4.5
23.132236,72.5417,52.5,4.5
23.132111,72.541668,53.5,4.5
23.131986,72.541628,53.5,4.5
23.131858,72.541591,51.9,4.5
23.131739,72.541557,50.9,4.5
23.131619,72.541523,49.7,4.5
23.131501,72.541494,48.6,4.5
23.131384,72.541465,46.5,4.5
23.131268,72.541438,41.1,4.5
23.13116,72.541409,39.3,4.5
23.131063,72.541381,40.3,4.5
23.130964,72.541347,42.3,4.5
23.130854,72.541314,42.5,4.5
23.13075,72.541284,41.1,4.5
23.130653,72.541252,41,4.5
23.130556,72.541223,40,4.5
23.13046,72.541197,37.7,4.5
23.13037,72.541169,35.1,4.5
23.13029,72.541138,33,4.5
23.13021,72.541116,29.8,4.5
23.130146,72.541078,27.7,4.5
23.130088,72.541035,26.4,4.5
23.13003,72.540996,25.6,4.5
23.129974,72.540964,25.2,4.5
23.129907,72.540938,24.7,4.5
23.129849,72.540917,23.8,4.5
23.129792,72.540902,20.7,4.5
23.129743,72.540898,18.8,4.5
23.129696,72.540889,18.5,4.5
23.129646,72.540872,18.6,4.5
23.129613,72.54085,17.1,4.5
23.129579,72.540828,23.7,4.5
23.129525,72.5408,26.5,4.5
23.129468,72.540776,31,4.5
23.129394,72.540751,33,4.5
23.129317,72.540723,32.2,4.5
23.129239,72.540698,33.6,4.5
23.129154,72.54067,37.3,4.5
23.129052,72.540642,41.1,4.5
23.12894,72.540611,44,4.5
23.128827,72.540575,46.6,4.5
23.12871,72.540533,47.6,4.5
23.128598,72.540501,46.8,4.5
23.128485,72.540472,47.8,4.5
23.128369,72.540437,49.3,4.5
23.128252,72.5404,50.6,4.5
23.12813,72.540365,51.5,4.5
23.12801,72.540322,53,4.5
23.127877,72.540284,54.5,4.5
23.127746,72.540247,55.8,4.5
23.127612,72.540206,57,4.5
23.127477,72.540166,58.1,4.5
23.127336,72.540122,59.4,4.5
23.127195,72.540078,60.1,4.5
23.127051,72.540033,60.7,4.5
23.1269,72.539995,64.5,4.5
23.126743,72.53994,62.9,4.5
23.126591,72.539898,64.3,4.5
23.126443,72.539855,64.3,4.5
23.126282,72.539806,63.5,4.5
23.126131,72.539766,63,4.5
23.125982,72.539724,64.2,4.5
23.125827,72.539682,65,4.5
23.125669,72.539634,65.2,4.5
23.125514,72.539585,64.5,4.5
23.12536,72.539536,64.5,4.5
23.125199,72.539492,64.3,4.5
23.125042,72.539443,64.3,4.5
23.124893,72.539395,64.7,4.5
23.124737,72.539352,64.3,4.5
23.124583,72.539307,64.2,4.5
23.124429,72.539263,64,4.5
23.124271,72.539217,64,4.5
23.124118,72.539173,63.4,4.5
23.123966,72.53913,62.2,4.5
23.123815,72.539085,60.8,4.5
23.123667,72.539043,59.4,4.5
23.123524,72.538999,58.8,4.5
23.123384,72.538957,57.5,4.5
23.123243,72.538918,56.3,4.5
23.123106,72.53888,55.1,4.5
23.122977,72.538843,54.1,4.5
23.122848,72.538797,53.7,4.5
23.122718,72.538754,53.9,4.5
23.122592,72.53871,54.2,4.5
23.122462,72.53867,54.7,4.5
23.122329,72.538628,55.4,4.5
23.122196,72.538588,55.2,4.5
23.122061,72.538542,56.5,4.5
23.121923,72.538497,57.9,4.5
23.121782,72.53845,59.9,4.5
23.121633,72.53841,60.9,4.5
23.12148,72.538364,62.2,4.5
23.12133,72.538321,60.4,4.5
23.121183,72.538286,61.4,4.5
23.121033,72.538242,62.2,4.5
23.120891,72.538198,65.2,4.5
23.120726,72.538159,64.4,4.5
23.120564,72.538114,63.9,4.5
23.120412,72.538071,64.2,4.5
23.120261,72.538026,64.5,4.5
23.120105,72.537977,64.6,4.5
23.119956,72.537933,63.9,4.5
23.119801,72.537889,64.4,4.5
23.119643,72.537848,63.9,4.5
23.119483,72.537804,64.2,4.5
23.119321,72.537758,64.1,4.5
23.119168,72.537714,64.5,4.5
23.119016,72.537669,64.9,4.5
23.118859,72.537621,65,4.5
23.118704,72.537574,65.1,4.5
23.118543,72.537528,65,4.5
23.118379,72.537478,64.8,4.5
23.118222,72.537429,65,4.5
23.118065,72.537385,65.3,4.5
23.117903,72.537339,65.4,4.5
23.117745,72.537293,65.4,4.5
23.117583,72.537251,65.8,4.5
23.117421,72.537204,66.1,4.5
23.117259,72.537168,66.3,4.5
23.117104,72.537128,66.8,4.5
23.116941,72.537087,67,4.5
23.116776,72.537043,67.8,4.5
23.116616,72.536995,68.1,4.5
23.116448,72.536947,68.5,4.5
23.116283,72.536895,69,4.5
23.116116,72.536847,69.9,4.5
23.115949,72.536796,72.2,4.5
23.115778,72.536743,69.8,4.5
23.115606,72.536693,71.5,4.5
23.115429,72.536649,71.5,4.5
23.115256,72.5366,69.7,4.5
23.115093,72.536545,71.1,4.5
23.114915,72.5365,68.7,4.5
23.114757,72.53645,69.3,4.5
23.114592,72.536401,68.8,4.5
23.114425,72.536354,69.4,4.5
23.114251,72.536301,66.6,4.5
23.114081,72.536245,66.6,4.5
23.113921,72.536192,70.2,4.5
23.113754,72.536137,70.7,4.5
23.113586,72.536088,72.5,4.5
23.113409,72.536042,72,4.5
23.113233,72.535992,72,4.5
23.113058,72.535942,72.9,4.5
23.112881,72.535892,73.9,4.5
23.112704,72.535843,75.9,4.5
23.112523,72.535791,74.8,4.5
23.112335,72.535739,74.7,4.5
23.112155,72.535686,73.2,4.5
23.111969,72.535629,73.6,4.5
23.111788,72.53558,73.7,4.5
23.111618,72.535527,74.2,4.5
23.111431,72.535469,74.2,4.5
23.111251,72.535419,73.9,4.5
23.111064,72.535367,73.8,4.5
23.110883,72.53532,73.8,4.5
23.110704,72.535268,74.8,4.5
23.11053,72.535208,74.8,4.5
23.110349,72.535155,75.5,4.5
23.11016,72.535092,74.6,4.5
23.109989,72.53504,72.4,4.5
23.109817,72.534991,72.4,4.5
23.109643,72.534938,71.8,4.5
23.109463,72.534894,72.2,4.5
23.109283,72.534822,70.7,4.5
23.109114,72.534777,70.7,4.5
23.108943,72.534727,70.5,4.5
23.108772,72.534677,70.5,4.5
23.108601,72.534628,66.2,4.5
23.108457,72.534582,65.1,4.5
23.108297,72.53454,64.3,4.5
23.108148,72.534494,61.9,4.5
23.107996,72.534446,61.1,4.5
23.10785,72.53441,60.6,4.5
23.107709,72.534368,61.4,4.5
23.107563,72.534327,60.2,4.5
23.107421,72.534284,59.3,4.5
23.107281,72.53424,58,4.5
23.10714,72.534202,56.8,4.5
23.107004,72.534168,55.7,4.5
23.106868,72.534135,55,4.5
23.106732,72.534099,53.1,4.5
23.106609,72.534057,55.8,4.5
23.106473,72.534021,56.4,4.5
23.106331,72.533982,56.6,4.5
23.106194,72.533936,55.4,4.5
23.106059,72.533899,54.9,4.5
23.105927,72.533859,55.2,4.5
23.105796,72.533817,57.6,4.5
23.105656,72.533772,57.7,4.5
23.105509,72.533726,59.6,4.5
23.105363,72.53369,60.6,4.5
23.105214,72.533648,61.3,4.5
23.105055,72.533609,62.5,4.5
23.104901,72.533573,63,4.5
23.104751,72.533528,63.6,4.5
23.104598,72.533483,64,4.5
23.104441,72.533433,64.4,4.5
23.104283,72.533389,64.8,4.5
23.104126,72.533338,64.8,4.5
23.10397,72.533292,65,4.5
23.103813,72.533247,64.7,4.5
23.103657,72.533202,64.9,4.5
23.103502,72.533159,64.9,4.5
23.103346,72.533114,65.1,4.5
23.103185,72.533069,65.1,4.5
23.103026,72.533022,65.2,4.5
23.10287,72.53297,65.1,4.5
23.102713,72.532926,65,4.5
23.102558,72.532877,64.9,4.5
23.102397,72.532832,65,4.5
23.102237,72.532788,64.7,4.5
23.102084,72.532741,64.8,4.5
23.101927,72.5327,64.6,4.5
23.101772,72.532655,64.5,4.5
23.101616,72.532612,64.4,4.5
23.101457,72.532565,64.2,4.5
23.101298,72.532523,64,4.8
23.101143,72.532482,63.9,4.8
23.100984,72.532441,63.9,4.8
23.100827,72.532396,63.8,4.8
23.100672,72.532352,63.8,4.8
23.100519,72.532308,63.8,4.8
23.100362,72.532268,63.7,4.8
23.100205,72.532226,63.8,4.8
23.10005,72.532178,63.7,4.8
23.099896,72.532126,63.5,4.8
23.099744,72.532082,63.3,4.8
23.099591,72.53204,62.8,4.8
23.099443,72.531996,62.3,4.8
23.099289,72.531952,61.8,4.8
23.099139,72.531908,61.4,4.8
23.098993,72.531864,60.8,4.8
23.098847,72.531816,60.7,4.8
23.098702,72.53177,60.8,4.8
23.09855,72.531729,61.1,4.8
23.098403,72.531684,61.6,4.8
23.098254,72.531639,62.5,4.8
23.098105,72.531594,63.3,4.8
23.097953,72.531546,64.2,4.8
23.097799,72.531503,65.1,4.8
23.097643,72.531457,65.3,4.8
23.097484,72.531408,67,4.8
23.097324,72.531359,67.8,4.8
23.097162,72.531301,68.8,4.8
23.097003,72.531249,69.5,4.8
23.096838,72.531191,70.2,4.8
23.09667,72.531141,71.2,4.8
23.096501,72.531091,74.1,4.8
23.096321,72.531032,72.7,4.8
23.096143,72.530988,73.5,4.8
23.095958,72.530936,74.2,4.8
23.095782,72.530887,74.9,4.8
23.095599,72.530834,75.6,4.8
23.095418,72.530778,75.5,4.8
23.095235,72.530726,75.2,4.8
23.095053,72.530673,74.8,4.8
23.094864,72.530621,74.7,4.8
23.094679,72.530566,74.6,4.8
23.094498,72.530513,72,4.8
23.094326,72.530462,72.5,4.8
23.09415,72.530394,72.4,4.8
23.093976,72.530337,72.8,4.8
23.093796,72.530296,71.4,4.8
23.093624,72.530246,71,4.8
23.093453,72.5302,70.8,4.8
23.093283,72.530142,68.1,4.8
23.093127,72.530096,68.1,4.8
23.092963,72.530045,66.1,4.8
23.092804,72.529997,64,4.8
23.09265,72.529954,62.3,4.8
23.092501,72.529906,63.2,4.8
23.092347,72.52986,62.7,4.8
23.092185,72.529807,62.9,4.8
23.092034,72.529763,63.6,4.8
23.091884,72.529722,60.1,4.8
23.091736,72.529678,60.5,4.8
23.091592,72.529627,61.3,4.8
23.091452,72.529582,61.3,4.8
23.091304,72.529537,57,4.8
23.091163,72.529485,57.8,4.8
23.091035,72.529441,58.3,4.8
23.090892,72.529408,56.2,4.8
23.090738,72.529384,55.4,4.8
23.0906,72.529353,55.2,4.8
23.090461,72.529319,55.2,4.8
23.090329,72.529284,56.4,4.8
23.090188,72.529245,56.4,4.8
23.09005,72.529211,53.9,4.8
23.089919,72.529181,52.6,4.8
23.089793,72.529143,50.5,4.8
23.089678,72.529104,50.7,4.8
23.089554,72.52907,50.8,4.8
23.089432,72.529031,49.3,4.8
23.089313,72.528994,49.2,4.8
23.089193,72.528958,49,4.8
23.08908,72.528927,48.3,4.8
23.08897,72.528885,48.3,4.8
23.088848,72.528851,47.6,4.8
23.088727,72.528823,46.9,4.8
23.088613,72.5288,46.3,4.8
23.088505,72.528769,46.2,4.8
23.088392,72.52874,45.8,4.8
23.08828,72.528717,45.1,4.8
23.088178,72.528689,44.6,4.8
23.08807,72.528661,44.2,4.8
23.087958,72.52863,44.1,4.8
23.087855,72.528597,42.7,4.8
23.087753,72.528563,42.4,4.8
23.087655,72.528537,42.2,4.8
23.087549,72.52851,41.9,4.8
23.087448,72.528478,41.5,4.8
23.087349,72.528451,41.2,4.8
23.087251,72.528421,40.1,4.8
23.087153,72.528397,35.6,4.8
23.087066,72.528378,29.7,4.8
23.086994,72.528359,22,4.8
23.086947,72.528346,14.4,4.8
23.086915,72.528338,11.2,4.8
23.086895,72.528335,11.3,4.8
23.086867,72.528329,10.4,4.8
23.086844,72.528318,9.8,4.8
23.086822,72.528304,9.1,4.8
23.086799,72.5283,8.9,4.8
23.086774,72.528296,8.6,4.8
23.086756,72.528291,8.5,4.8
23.086729,72.528282,8.1,4.8
23.086711,72.528276,7.8,4.8
23.086693,72.528268,7.8,4.8
23.086675,72.528261,8.5,4.8
23.086654,72.528254,9.6,4.8
23.086628,72.528247,18.3,4.8
23.086568,72.528233,22,4.8
23.086514,72.528217,26.2,4.8
23.086443,72.5282,26.9,4.8
23.086378,72.528178,26.4,4.8
23.086317,72.528161,28.2,4.8
23.08625,72.52814,30.8,4.8
23.086174,72.52812,33.5,4.8
23.0861,72.528095,35.9,4.8
23.086009,72.528066,38.3,4.8
23.085918,72.528037,36.8,4.8
23.085827,72.528011,37.7,4.8
23.085734,72.527985,41,4.8
23.085625,72.527953,42.8,4.8
23.085517,72.527923,44.1,4.8
23.085407,72.527897,45.7,4.8
23.085297,72.527863,47.2,4.8
23.085181,72.527828,48.3,4.8
23.085061,72.52779,48.9,4.8
23.084946,72.527742,49.1,4.8
23.084824,72.527699,49,4.8
23.08471,72.527666,48.1,4.8
23.084591,72.527628,48.6,4.8
23.084477,72.527592,48.6,4.8
23.084361,72.527562,48.7,4.8
23.084232,72.527529,48.5,4.8
23.084114,72.527494,48.6,4.8
23.083994,72.527462,49,4.8
23.083876,72.527431,49,4.8
23.083752,72.527395,49,4.8
23.083633,72.527357,49,4.8
23.08351,72.527318,48.5,4.8
23.083396,72.527285,48.3,4.8
23.083284,72.527244,47.8,4.8
23.083167,72.527212,47.3,4.8
23.083056,72.527175,45.4,4.8
23.08294,72.527147,41.4,4.8
23.082839,72.52712,38,4.8
23.082753,72.527094,32.2,4.8
23.082679,72.527075,27.6,4.8
23.082609,72.527057,20.8,4.8
23.08256,72.527042,13.9,4.8
23.082529,72.527041,12.7,4.8
23.082498,72.527029,13.4,4.8
23.082469,72.527022,15.8,4.8
23.08243,72.52701,17.2,4.8
23.082384,72.527002,12.3,4.8
23.082358,72.526991,10.7,4.8
23.08233,72.526985,5.9,4.8
23.082319,72.526982,2.3,4.8
23.082314,72.526984,3.2,4.8
23.082315,72.526996,2.3,4.8
23.082309,72.526996,2,4.8
23.082306,72.526994,0,4.8
23.082307,72.52699,2.1,4.8
23.082302,72.526987,4.1,4.8
23.08229,72.526983,6.3,4.8
23.082271,72.526976,19.9,4.8
23.082193,72.526949,22.1,4.8
23.082136,72.526933,22.1,4.8
23.082084,72.526915,25.6,4.8
23.082017,72.5269,30,4.8
23.081946,72.526871,32.3,4.8
23.081868,72.526851,33.5,4.8
23.081789,72.526829,32.6,4.8
23.081708,72.526809,33.6,4.8
23.081624,72.526785,36,4.8
23.081534,72.526762,36.5,4.8
23.081449,72.526734,36,4.8
23.081364,72.526704,35.6,4.8
23.08128,72.526678,35.3,4.8
23.081192,72.526653,34.9,4.8
23.081103,72.526629,34.7,4.8
23.08102,72.526608,34.5,4.8
23.080942,72.526578,30.6,4.8
23.080865,72.526557,30.6,4.8
23.08079,72.526537,20.3,4.8
23.080751,72.526526,18.1,4.8
23.080707,72.526508,17.4,4.8
23.080663,72.526495,15.9,4.8
23.080627,72.526487,16,4.8
23.080589,72.526479,17.1,4.8
23.080543,72.526467,20.3,4.8
23.080494,72.526456,23.7,4.8
23.080439,72.52644,27.3,4.8
23.080387,72.526415,27.9,4.8
23.080323,72.526385,27.9,4.8
23.080252,72.52637,26.5,4.8
23.080186,72.526348,26.5,4.8
23.080122,72.526327,33.9,4.8
23.07994,72.526287,35.6,4.8
23.079862,72.526266,35.4,4.8
23.079781,72.52624,33.8,4.8
23.079694,72.52622,34.3,4.8
23.079615,72.526189,33.7,4.8
23.079516,72.526168,33.7,4.8
23.079434,72.526144,32.7,4.8
23.079351,72.526122,32,4.8
23.07927,72.526095,32.8,4.8
23.079189,72.526081,29.6,4.8
23.079119,72.526058,29.6,4.8
23.079047,72.526037,23.3,4.8
23.078992,72.526024,17.9,4.8
23.078953,72.526009,17.9,4.8
23.07891,72.525996,12.7,4.8
23.078881,72.526003,15.4,4.8
23.078847,72.525996,20.6,4.8
23.078805,72.525983,23.9,4.8
23.078742,72.525956,26.4,4.8
23.078672,72.525943,26.4,4.8
23.078607,72.525929,26.6,4.8
23.078558,72.525902,27.8,4.8
23.078487,72.525877,27.8,4.8
23.07842,72.525855,35.6,4.8
23.078324,72.525818,37.7,4.8
23.078228,72.525784,37.7,4.8
23.078137,72.525757,39,4.8
23.078039,72.525736,39.7,4.8
23.077946,72.525708,41.5,4.8
23.077848,72.525673,41.5,4.8
23.077747,72.525644,40,4.8
23.077645,72.525614,40.9,4.8
23.077547,72.525581,40.3,4.8
23.077455,72.525562,39.5,4.8
23.077359,72.525536,42.1,4.8
23.077248,72.525503,40.8,4.8
23.077145,72.525484,31.4,4.8
23.077077,72.525458,27.6,4.8
23.077017,72.525437,23.9,4.8
23.076959,72.525418,23.9,4.8
23.076901,72.525402,20.7,4.8
23.076849,72.525417,13,4.8
23.076825,72.525403,8.3,4.8
23.076812,72.525417,10.3,4.8
23.076791,72.525409,9.9,4.8
23.076769,72.525398,7.5,4.8
23.076753,72.525374,12.7,4.8
23.076707,72.525356,17,4.8
23.07665,72.525337,16.2,4.8
23.07661,72.525334,21.3,4.8
23.076571,72.525295,21.3,4.8
23.076521,72.525277,27.8,4.8
23.07645,72.525262,28.7,4.8
23.076373,72.525238,29.3,4.8
23.076294,72.525204,32.5,4.8
23.076209,72.525178,35.8,4.8
23.076117,72.525147,39,4.8
23.076019,72.525116,41.4,4.8
23.075919,72.525084,41.5,4.8
23.075817,72.525057,41.1,4.8
23.075715,72.525029,42,4.8
23.075614,72.525001,42,4.8
23.075511,72.524971,41.4,4.8
23.07541,72.524936,41.4,4.8
23.075312,72.524911,42,4.8
23.075211,72.524887,41.9,4.8
23.075116,72.524854,41.4,4.8
23.075016,72.524822,41.1,4.8
23.074917,72.524794,40.2,4.8
23.074815,72.52477,40.7,4.8
23.074715,72.524733,40.4,4.8
23.074615,72.524705,38.9,4.8
23.074524,72.524677,40.5,4.8
23.07443,72.524648,40,4.8
23.074328,72.524615,39,4.8
23.074238,72.524585,37.3,4.8
23.074148,72.524566,36.4,4.8
23.074066,72.524529,35.3,4.8
23.073973,72.524494,35,4.8
23.073891,72.524472,36.2,4.8
23.073805,72.524446,37.8,4.8
23.073712,72.52442,39.3,4.8
23.073617,72.524401,41.1,4.8
23.073509,72.524368,42.8,4.8
23.07341,72.524331,43.8,4.8
23.073307,72.524307,45,4.8
23.073195,72.524277,46.4,4.8
23.073082,72.52424,43.7,4.8
23.072971,72.524214,41.8,4.8
23.072869,72.524191,40.9,4.8
23.072769,72.524165,41.1,4.8
23.072672,72.524139,41.6,4.8
23.072574,72.524106,42.7,4.8
23.072468,72.524071,43.4,4.8
23.072362,72.524043,43.7,4.8
23.072254,72.524011,44.6,4.8
23.072144,72.523974,45.1,4.8
23.072037,72.523945,44.7,4.8
23.071932,72.523909,44.9,4.8
23.071816,72.523877,45.1,4.8
23.071699,72.523846,45.4,4.8
23.071592,72.523816,45.6,4.8
23.071485,72.523779,45.3,4.8
23.071376,72.523753,44.9,4.8
23.071266,72.523724,44,4.8
23.071163,72.523693,44.4,4.8
23.071053,72.523664,44,4.8
23.070948,72.523637,43.4,4.8
23.070843,72.523602,44.1,4.8
23.070732,72.523571,45,4.8
23.070624,72.523539,45.8,4.8
23.07051,72.523515,43.7,4.8
23.070407,72.523489,44,4.8
23.070298,72.523453,45.8,4.8
23.070184,72.523419,47.2,4.8
23.07007,72.523381,46.8,4.8
23.069952,72.523346,46.5,4.8
23.069841,72.523323,46.3,4.8
23.069727,72.523295,45.4,4.8
23.069618,72.523264,47.4,4.8
23.069506,72.523233,48.6,4.8
23.06938,72.5232,45,4.8
23.069277,72.523172,45,4.8
23.069169,72.523138,46.4,4.8
23.069057,72.523112,48.7,4.8
23.068942,72.523079,50.6,4.8
23.068821,72.523044,49,4.8
23.068704,72.523015,47.9,4.8
23.068589,72.522992,48.4,4.8
23.068477,72.522962,48.4,4.8
23.068356,72.52292,47.7,4.8
23.068239,72.522886,47.3,4.8
23.068122,72.522852,47.2,4.8
23.068009,72.522817,47.5,4.8
23.067887,72.522776,47.1,4.8
23.06777,72.522743,47.7,4.8
23.067651,72.522706,48,4.8
23.067538,72.522668,49.5,4.8
23.067421,72.522634,48.9,4.8
23.06731,72.522607,47.7,4.8
23.067196,72.522575,46.4,4.8
23.067083,72.522538,46.4,4.8
23.066968,72.522509,45.3,4.8
23.06686,72.522476,44.9,4.8
23.066754,72.522447,44.1,4.8
23.06665,72.522409,44.1,4.8
23.066541,72.522377,44,4.8
23.066435,72.522347,43.3,4.8
23.06633,72.522317,43.2,4.8
23.066225,72.522291,44.2,4.8
23.066118,72.522259,45.1,4.8
23.06601,72.522222,46,4.8
23.0659,72.522193,47.3,4.8
23.065785,72.52216,48.2,4.8
23.06567,72.522132,49.2,4.8
23.065552,72.522102,50.1,4.8
23.065432,72.52207,50.7,4.8
23.065312,72.522036,51.5,4.8
23.065192,72.521999,51.7,4.8
23.065067,72.521964,52.4,4.8
23.06494,72.521927,52.8,4.8
23.064807,72.521892,52.9,4.8
23.06468,72.521852,53.4,4.8
23.064553,72.521811,53.4,4.8
23.064421,72.521773,53.4,4.8
23.064285,72.521736,53.6,4.8
23.064152,72.521695,53.1,4.8
23.064022,72.521658,53.9,4.8
23.063895,72.521623,54,4.8
23.063765,72.521581,55,4.8
23.063635,72.521543,55.8,4.8
23.063499,72.521502,56.6,4.8
23.063356,72.521467,56.5,4.8
23.063217,72.521427,56.3,4.8
23.06308,72.521387,56.5,4.8
23.062943,72.52135,56.5,4.8
23.062806,72.521305,56.5,4.8
23.06267,72.521262,56.5,4.8
23.062533,72.521221,56.4,4.8
23.0624,72.521185,56.3,4.8
23.062262,72.521143,56.3,4.8
23.062125,72.521102,58.8,4.8
23.061982,72.521065,53.9,4.8
23.061853,72.521027,51.6,4.8
23.061729,72.520987,49.8,4.8
23.061604,72.520951,47.4,4.8
23.061492,72.520913,46,4.8
23.061376,72.520884,45.9,4.8
23.061261,72.520852,46.3,4.8
23.06115,72.520819,46.9,4.8
23.061037,72.520783,47.1,4.8
23.060924,72.520758,47,4.8
23.06081,72.520724,47.7,4.8
23.060695,72.520697,46.7,4.8
23.060582,72.520668,46.5,4.8
23.060471,72.520635,46.2,4.8
23.06036,72.520601,45.8,4.8
23.060247,72.52057,45.4,4.8
23.06014,72.520531,44.4,4.8
23.060029,72.520504,41.6,4.8
23.059933,72.520479,40.5,4.8
23.059838,72.520457,38.5,4.8
23.059745,72.520436,35.9,4.8
23.059662,72.520415,34.3,4.8
23.05958,72.520395,33.4,4.8
23.059499,72.520372,30.8,4.8
23.059424,72.520354,27.8,4.8
23.059355,72.520344,25.3,4.8
23.059292,72.520335,22.5,4.8
23.059236,72.520327,19.2,4.8
23.059189,72.520318,16.8,4.8
23.059148,72.520317,15.3,4.8
23.059116,72.520313,15.3,4.8
23.059077,72.520296,11.6,4.8
23.059047,72.520283,8.9,4.8
23.059024,72.520272,7.1,4.8
23.059008,72.520264,3.3,4.8
23.059001,72.520262,1.4,4.8
23.058999,72.52026,1.6,4.8
23.058996,72.520257,3.3,4.8
23.058991,72.52025,3,4.8
23.058986,72.520248,5.4,4.8
23.058969,72.520243,6.1,4.8
23.058948,72.520236,5.8,4.8
23.05893,72.520229,5.7,4.8
23.058913,72.520223,5.7,4.9
23.058898,72.520219,5.9,4.9
23.058881,72.520216,6.2,4.9
23.058863,72.520213,8.9,4.9
23.058841,72.520209,9.4,4.9
23.058814,72.520205,10.3,4.9
23.058786,72.520201,11.8,4.9
23.058753,72.520195,19.9,4.9
23.058681,72.520189,20.1,4.9
23.058628,72.520177,19.7,4.9
23.058582,72.520158,19.5,4.9
23.058539,72.520132,21.4,4.9
23.058491,72.520107,23.8,4.9
23.058431,72.520085,26,4.9
23.058371,72.520059,28.9,4.9
23.058307,72.520031,32.2,4.9
23.058232,72.52,35.4,4.9
23.058144,72.519975,38.8,4.9
23.058045,72.519941,41.4,4.9
23.057945,72.519909,41.2,4.9
23.057845,72.519877,41.7,4.9
23.057747,72.519847,43.7,4.9
23.05764,72.519814,46,4.9
23.057533,72.519775,47.5,4.9
23.05742,72.519731,47.3,4.9
23.057302,72.5197,46.9,4.9
23.057184,72.519668,46.3,4.9
23.057076,72.519642,46.1,4.9
23.056965,72.519607,46.3,4.9
23.056848,72.519573,46.2,4.9
23.056739,72.519536,46,4.9
23.056629,72.519505,45.6,4.9
23.056518,72.519474,45.4,4.9
23.056411,72.519441,45.1,4.9
23.056298,72.51941,45,4.9
23.056192,72.519381,45.1,4.9
23.056082,72.519344,45.8,4.9
23.055971,72.519312,46.3,4.9
23.055862,72.51928,47,4.9
23.055748,72.51925,47.2,4.9
23.055636,72.519212,48.3,4.9
23.055524,72.519186,48.4,4.9
23.055408,72.519147,50.1,4.9
23.055282,72.519104,50.6,4.9
23.055153,72.519069,51.9,4.9
23.055029,72.519039,54.6,4.9
23.054897,72.519001,56.5,4.9
23.054753,72.518966,56.5,4.9
23.054615,72.51893,57.1,4.9
23.054482,72.51888,58.1,4.9
23.054344,72.518842,58,4.9
23.054206,72.518805,58,4.9
23.054065,72.518766,57.3,4.9
23.053926,72.518729,59.6,4.9
23.053771,72.518687,58.9,4.9
23.053629,72.518639,61.3,4.9
23.053486,72.518596,61.3,4.9
23.053338,72.518552,61.4,4.9
23.053193,72.518502,61.4,4.9
23.053045,72.518456,61.7,4.9
23.052894,72.518415,61.5,4.9
23.052747,72.518366,61.5,4.9
23.052598,72.518325,62,4.9
23.052446,72.518267,63.5,4.9
23.052299,72.518219,62.9,4.9
23.052148,72.518162,62.9,4.9
23.051998,72.518112,63,4.9
23.051846,72.518076,63.8,4.9
23.051696,72.518035,64.7,4.9
23.05154,72.517985,64.7,4.9
23.051386,72.517931,65.1,4.9
23.051228,72.517892,65.1,4.9
23.051072,72.517838,65.3,4.9
23.050919,72.517757,65.3,4.9
23.050765,72.517698,63.4,4.9
23.050601,72.517636,61.5,4.9
23.05046,72.517591,62.6,4.9
23.050311,72.517532,63.3,4.9
23.05015,72.517475,62.9,4.9
23.050002,72.517414,62.5,4.9
23.049855,72.517356,62.9,4.9
23.049707,72.517296,62.7,4.9
23.049565,72.517233,64.2,4.9
23.049394,72.517183,62.5,4.9
23.049224,72.517124,63.9,4.9
23.049053,72.517047,63.9,4.9
23.048898,72.516972,66,4.9
23.048748,72.516908,61.2,4.9
23.048604,72.516833,65,4.9
23.048452,72.516755,64.9,4.9
23.048307,72.516696,67.4,4.9
23.048145,72.516627,67.5,4.9
23.047992,72.516552,68.3,4.9
23.047838,72.516468,68.7,4.9
23.047684,72.516393,68.7,4.9
23.047536,72.516319,68.7,4.9
23.047371,72.516243,68.3,4.9
23.047215,72.516172,67.9,4.9
23.047059,72.516093,67.1,4.9
23.046911,72.516024,66.6,4.9
23.046756,72.515952,66.1,4.9
23.046608,72.515882,63.9,4.9
23.046463,72.515814,60.9,4.9
23.046325,72.515749,61.4,4.9
23.046177,72.515687,65.9,4.9
23.046028,72.51559,68,4.9
23.045852,72.515519,67.5,4.9
23.04569,72.515454,67.3,4.9
23.045541,72.515373,69.1,4.9
23.045379,72.515294,67.9,4.9
23.045226,72.51522,68.4,4.9
23.045067,72.515146,69.3,4.9
23.044907,72.515065,69.9,4.9
23.044754,72.514993,70.4,4.9
23.044595,72.514914,70.7,4.9
23.044439,72.514825,70.9,4.9
23.044277,72.514736,71.1,4.9
23.044118,72.514654,71.3,4.9
23.043961,72.514573,71.5,4.9
23.0438,72.514492,72.1,4.9
23.043637,72.514413,72.6,4.9
23.043471,72.514334,72.9,4.9
23.043309,72.514256,72.7,4.9
23.043143,72.514174,72.6,4.9
23.042983,72.514092,72.4,4.9
23.042823,72.514011,71.9,4.9
23.042661,72.513929,70.6,4.9
23.0425,72.513851,72.4,4.9
23.042331,72.513771,71.1,4.9
23.042171,72.513691,71.6,4.9
23.042009,72.513609,71.9,4.9
23.041842,72.513527,72.8,4.9
23.041681,72.513434,68.6,4.9
23.041526,72.513352,70.1,4.9
23.041363,72.513272,69.6,4.9
23.041205,72.513193,68.3,4.9
23.041046,72.513113,67.5,4.9
23.040889,72.513034,64.2,4.9
23.040741,72.512968,62.9,4.9
23.040591,72.512892,59.4,4.9
23.040455,72.512824,56.3,4.9
23.040325,72.512765,52.9,4.9
23.04021,72.512714,48.9,4.9
23.040099,72.512666,44.9,4.9
23.039999,72.51262,40.1,4.9
23.039908,72.512582,35.2,4.9
23.039825,72.512551,30.8,4.9
23.039757,72.512524,25.3,4.9
23.039699,72.512501,18.9,4.9
23.039656,72.512488,12.1,4.9
23.03963,72.512476,6.5,4.9
23.039614,72.512468,5.7,4.9
23.039597,72.512459,6,4.9
23.039583,72.512455,8.5,4.9
23.039563,72.512444,12.2,4.9
23.039539,72.512427,15.5,4.9
23.039505,72.512407,16.6,4.9
23.039467,72.512387,16.4,4.9
23.039426,72.512369,16.4,4.9
23.03939,72.51235,15.9,4.9
23.039353,72.512333,15.1,4.9
23.03932,72.512314,13.5,4.9
23.039292,72.512298,9.3,4.9
23.03927,72.512286,8.7,4.9
23.039253,72.512277,8.8,4.9
23.039236,72.512266,8.8,4.9
23.039218,72.512255,8.8,4.9
23.0392,72.512245,9.2,4.9
23.03918,72.512234,9.5,4.9
23.039157,72.512223,15.8,4.9
23.039124,72.512206,19.2,4.9
23.039067,72.512176,19.2,4.9
23.039019,72.512149,19.1,4.9
23.03898,72.512126,18.9,4.9
23.038931,72.512104,18.3,4.9
23.038892,72.512083,18,4.9
23.038858,72.512064,19.8,4.9
23.038806,72.512042,21.7,4.9
23.038759,72.512012,23.6,4.9
23.038705,72.511989,24.3,4.9
23.03865,72.51196,25.5,4.9
23.038594,72.511927,26.5,4.9
23.038537,72.511892,27.6,4.9
23.038474,72.511854,28.4,4.9
23.038406,72.511815,29.1,4.9
23.038342,72.511775,31.1,4.9
23.03827,72.511733,33.3,4.9
23.038199,72.511699,33.3,4.9
23.038125,72.511658,32.3,4.9
23.038054,72.511621,33.8,4.9
23.037965,72.511577,35.2,4.9
23.037883,72.511534,36.1,4.9
23.037802,72.511489,37.6,4.9
23.037717,72.511443,39,4.9
23.037627,72.511398,40.6,4.9
23.037535,72.511355,41.4,4.9
23.037436,72.511304,41.4,4.9
23.037338,72.511259,41.7,4.9
23.03724,72.511212,42.1,4.9
23.037141,72.511151,40,4.9
23.037062,72.511122,39.2,4.9
23.036974,72.511088,38.2,4.9
23.036892,72.511052,37.4,4.9
23.036805,72.511011,37.8,4.9
23.036716,72.510971,39.5,4.9
23.036623,72.510923,40.7,4.9
23.036532,72.510875,40.2,4.9
23.036443,72.510831,39.2,4.9
23.036353,72.510786,39.3,4.9
23.036258,72.510745,39.5,4.9
23.03617,72.5107,42.8,4.9
23.036075,72.51065,43.8,4.9
23.035983,72.510597,43.7,4.9
23.035884,72.510547,42.8,4.9
23.035788,72.510498,40.5,4.9
23.035688,72.510453,40.5,4.9
23.035596,72.510406,39.6,4.9
23.035511,72.510362,38.7,4.9
23.035424,72.510317,38.1,4.9
23.035341,72.510274,38.6,4.9
23.035247,72.510228,41.4,4.9
23.035158,72.510178,41.4,4.9
23.035064,72.51013,46,4.9
23.034961,72.510066,46,4.9
23.034856,72.510015,42.2,4.9
23.034748,72.509978,43.4,4.9
23.034644,72.509927,45,4.9
23.034532,72.509883,45.2,4.9
23.034428,72.509848,46,4.9
23.034328,72.509795,46,4.9
23.034222,72.509744,42.6,4.9
23.034134,72.509702,42,4.9
23.034042,72.509652,40.9,4.9
23.033951,72.509615,40.8,4.9
23.033859,72.50958,39.7,4.9
23.033767,72.509543,40.6,4.9
23.033671,72.509507,39.8,4.9
23.033578,72.509473,39,4.9
23.033486,72.509437,40.6,4.9
23.03339,72.509406,42.9,4.9
23.033287,72.509368,43.8,4.9
23.03318,72.509331,44.8,4.9
23.033079,72.509293,46.3,4.9
23.032973,72.509258,47.9,4.9
23.032857,72.509227,48.5,4.9
23.032741,72.509195,48.2,4.9
23.032623,72.509155,46.7,4.9
23.032517,72.509117,45.4,4.9
23.032407,72.509082,44.5,4.9
23.032303,72.509051,43.2,4.9
23.032199,72.509015,41.9,4.9
23.032099,72.50898,42,4.9
23.031997,72.508945,43.3,4.9
23.031895,72.508905,43.7,4.9
23.031791,72.508875,44.2,4.9
23.031685,72.508845,45.5,4.9
23.031575,72.50881,45.6,4.9
23.031459,72.508771,45.3,4.9
23.031351,72.508733,45,4.9
23.031245,72.508694,45,4.9
23.031137,72.508659,47.6,4.9
23.031026,72.508632,47.6,4.9
23.030911,72.508596,47.5,4.9
23.030801,72.508554,47.8,4.9
23.030683,72.508516,49.2,4.9
23.030571,72.508479,49.9,4.9
23.030449,72.508438,49.1,4.9
23.030328,72.508392,50.1,4.9
23.0302,72.508345,51.8,4.9
23.030074,72.508309,49.6,4.9
23.029949,72.508266,49.6,4.9
23.029829,72.508228,49.5,4.9
23.029713,72.508195,47.1,4.9
23.029585,72.508154,43.9,4.9
23.029476,72.508116,43.9,4.9
23.029371,72.50808,45.6,4.9
23.029264,72.508052,47.2,4.9
23.029145,72.508026,48.3,4.9
23.029028,72.507989,48.3,4.9
23.028912,72.507952,50.4,4.9
23.028788,72.507916,50.4,4.9
23.028666,72.507879,54.2,4.9
23.028539,72.507835,54.2,4.9
23.028409,72.50779,55.9,4.9
23.028274,72.507759,56.7,4.9
23.028139,72.507715,58.8,4.9
23.02801,72.507673,59.1,4.9
23.027872,72.507623,58.9,4.9
23.027731,72.507576,58.4,4.9
23.027578,72.507522,58.4,4.9
23.027438,72.507476,56.4,4.9
23.027304,72.507435,56.6,4.9
23.027181,72.507403,55.2,4.9
23.027049,72.507368,55.1,4.9
23.026922,72.507327,54.8,4.9
23.026786,72.507283,56.5,4.9
23.026649,72.50723,57.5,4.9
23.026516,72.507182,58.7,4.9
23.026386,72.50714,59.6,4.9
23.026225,72.507091,59.5,4.9
23.026083,72.507044,63.2,4.9
23.025918,72.507001,63.2,4.9
23.025761,72.506948,67.1,4.9
23.025591,72.506904,68.7,4.9
23.025423,72.506852,68.1,4.9
23.02526,72.506793,70.7,4.9
23.025088,72.506744,69,4.9
23.024923,72.506686,69.4,4.9
23.024746,72.506635,69.1,4.9
23.024578,72.50658,68.2,4.9
23.024423,72.50654,68.4,4.9
23.024265,72.506495,67.8,4.9
23.024117,72.506449,68,4.9
23.02395,72.506391,67.5,4.9
23.023788,72.506343,66.7,4.9
23.023627,72.506296,66,4.9
23.023468,72.506241,66.2,4.9
23.023311,72.506192,66.2,4.9
23.023152,72.506138,66.4,4.9
23.022991,72.506086,65.8,4.9
23.022833,72.506037,64.2,4.9
23.022682,72.505991,64.1,4.9
23.022525,72.505942,63.8,4.9
23.022367,72.505888,63.2,4.9
23.02222,72.505845,62.5,4.9
23.022067,72.505803,61.6,4.9
23.021918,72.505761,60.9,4.9
23.021778,72.505716,60.1,4.9
23.02163,72.505679,59,4.9
23.021488,72.505631,58.1,4.9
23.021343,72.505589,56.8,4.9
23.021206,72.505544,57.1,4.9
23.021074,72.505504,56.3,4.9
23.020936,72.505469,56.5,4.9
23.020796,72.505426,56.6,4.9
23.020654,72.50539,57.3,4.9
23.02051,72.505345,51,4.9
23.020417,72.505305,49,4.9
23.020313,72.505267,47.3,4.9
23.020197,72.505239,44.7,4.9
23.020095,72.505207,40,4.9
23.02,72.505174,32.1,4.9
23.019928,72.505156,24,4.9
23.019863,72.505139,20,4.9
23.019818,72.505123,17.8,4.9
23.019779,72.505106,12.5,4.9
23.019747,72.505098,8.4,4.9
23.019727,72.505095,7.4,4.9
23.019712,72.505088,7.1,4.9
23.019692,72.505081,7.6,4.9
23.019674,72.505073,5.1,4.9
23.019661,72.505072,2,4.9
23.019664,72.505073,1.9,4.9
23.019659,72.505077,2.1,4.9
23.019656,72.50508,2.5,4.9
23.01965,72.505079,2.9,4.9
23.019641,72.505077,3.9,4.9
23.01963,72.505074,9.8,4.9
23.019607,72.505072,13.7,4.9
23.019573,72.505067,17.4,4.9
23.019528,72.505058,17.4,4.9
23.019481,72.505046,16.5,4.9
23.019439,72.505035,15.6,4.9
23.0194,72.505022,15,4.9
23.019364,72.505009,13,4.9
23.019333,72.504997,13.5,4.9
23.019304,72.504984,13.5,4.9
23.019273,72.504971,13.2,4.9
23.019243,72.504958,13.4,4.9
23.019212,72.504947,14,4.9
23.019178,72.504933,19.6,4.9
23.019125,72.504904,22.9,4.9
23.01907,72.504891,26.1,4.9
23.019009,72.504869,29.4,4.9
23.018936,72.504845,34.1,4.9
23.018855,72.504817,33.8,4.9
23.018773,72.504791,35.6,4.9
23.018686,72.504762,38.8,4.9
23.018588,72.50473,42.2,4.9
23.018482,72.504693,46.7,4.9
23.018372,72.504656,49.6,4.9
23.018261,72.504623,49.6,4.9
23.018141,72.504587,49.7,4.9
23.018026,72.50456,50.3,4.9
23.017903,72.504531,52.6,4.9
23.017766,72.504487,54.5,4.9
23.017634,72.504443,53.8,4.9
23.017501,72.504407,53.4,4.9
23.017369,72.504368,53.1,4.9
23.017237,72.504329,54.3,4.9
23.017093,72.504285,54.7,4.9
23.01696,72.504244,54,4.9
23.01683,72.504212,54.2,4.9
23.016697,72.504169,54.5,4.9
23.016566,72.504128,55.9,4.9
23.016429,72.504082,55.8,4.9
23.016297,72.504045,55.6,4.9
23.01616,72.504002,54.9,4.9
23.016024,72.503955,54.7,4.9
23.01589,72.503913,54.3,4.9
23.015758,72.503876,53.3,4.9
23.015631,72.503836,53.2,4.9
23.015508,72.503795,51.9,4.9
23.015381,72.503751,51.9,4.9
23.015257,72.503709,52.2,4.9
23.015125,72.503669,52.2,4.9
23.014999,72.503629,50,4.9
23.014878,72.503594,49.3,4.9
23.014758,72.503558,49,4.9
23.014636,72.503513,49,4.9
23.014519,72.503473,46.6,4.9
23.014415,72.503454,46.6,4.9
23.014299,72.50341,41,4.9
23.014217,72.503383,46.3,4.9
23.014097,72.503351,47.5,4.9
23.013974,72.503328,46,4.9
23.013855,72.503291,45,4.9
23.013758,72.503252,44.2,4.9
23.013655,72.503217,43.2,4.9
23.013552,72.503186,43.7,4.9
23.013447,72.503153,42.9,4.9
23.013354,72.503129,41.8,4.9
23.01326,72.503095,42.2,4.9
23.013169,72.503069,41.6,4.9
23.013053,72.503036,40.8,4.9
23.012952,72.503014,38.4,4.9
23.012852,72.502982,35.2,4.9
23.012765,72.502949,31.5,4.9
23.012689,72.502927,26.7,4.9
23.012624,72.502915,24.5,4.9
23.012564,72.5029,18.1,4.9
23.012521,72.502892,17.1,4.9
23.01248,72.502889,17.2,4.9
23.012435,72.502882,16.6,4.9
23.012395,72.502868,16.6,4.9
23.012348,72.502862,16.8,4.9
23.012305,72.502857,21,4.9
23.012249,72.502833,24.5,4.9
23.012185,72.502815,28.9,4.9
23.012119,72.502778,29.1,4.9
23.012044,72.502754,28.2,4.9
23.011975,72.502736,25.6,4.9
23.011922,72.502711,22.5,4.9
23.011868,72.502691,22.1,4.9
23.011819,72.50268,21.7,4.9
23.011762,72.50266,21.7,4.9
23.011711,72.502646,21.4,4.9
23.011658,72.502625,22.9,4.9
23.011607,72.502601,25.1,4.9
23.01155,72.502579,25.7,4.9
23.011491,72.502558,25.5,4.9
23.01143,72.50254,25.7,4.9
23.011368,72.502516,24.8,4.9
23.011311,72.502504,28.1,4.9
23.011243,72.502472,30.5,4.9
23.011172,72.502451,33.2,4.9
23.011095,72.502428,35.5,4.9
23.011014,72.502395,35.5,4.9
23.010928,72.502367,40.6,4.9
23.010833,72.502332,40.6,4.9
23.010735,72.5023,40.6,4.9
23.010632,72.502273,41.2,4.9
23.010541,72.50225,41.2,4.9
23.010442,72.502221,42.9,4.9
23.010335,72.502187,41.5,4.9
23.010227,72.502163,40.7,4.9
23.010124,72.502138,39.8,4.9
23.010025,72.502109,39.2,4.9
23.009932,72.502083,36.6,4.9
23.009837,72.502053,36.7,4.9
23.009753,72.502025,35.7,4.9
23.009664,72.502,35.3,4.9
23.009581,72.501981,35,4.9
23.009496,72.501958,34.7,4.9
23.009409,72.501932,34.6,4.9
23.009324,72.501914,34.2,4.9
23.009239,72.501889,34,4.9
23.009153,72.501861,32.6,4.9
23.009074,72.501834,28.1,4.9
23.00901,72.501808,25.4,4.9
23.008955,72.501789,23.7,4.9
23.008899,72.501767,22.1,4.9
23.008846,72.501747,20.7,4.9
23.008798,72.501731,18.1,4.9
23.008759,72.501719,17,4.9
23.008716,72.501704,15.2,4.9
23.008679,72.501689,14.1,4.9
23.008644,72.501674,13.5,4.9
23.008605,72.501665,13.7,4.9
23.008571,72.501655,11.7,4.9
23.008545,72.501648,11.3,4.9
23.008516,72.501643,8.5,4.9
23.008496,72.501638,3.8,4.9
23.008487,72.501643,0.5,4.9
23.008487,72.501646,0.1,4.9
23.008487,72.501646,0,4.9
23.008488,72.501645,1.5,4.9
23.008484,72.501642,2.2,4.9
23.008477,72.50164,3.1,4.9
23.008468,72.501637,5.8,4.9
23.008454,72.501633,5.9,4.9
23.008437,72.501628,5.9,4.9
23.00842,72.501622,5.9,4.9
23.008403,72.501618,6,4.9
23.008386,72.501614,6,4.9
23.008371,72.50161,6.1,4.9
23.008355,72.501605,6,4.9
23.00834,72.501601,6,4.9
23.008325,72.501597,5.9,4.9
23.008311,72.501593,5.5,4.9
23.0083,72.501591,5.2,4.9
23.008291,72.501589,4.2,4.9
23.008283,72.501587,4.9,4.9
23.008274,72.501584,5.4,4.9
23.008263,72.50158,5.5,4.9
23.008251,72.501577,5.1,4.9
23.00824,72.501574,4.6,4.9
23.008232,72.501571,4.6,4.9
23.008223,72.501568,4.7,4.9
23.008213,72.501565,4.8,4.9
23.008201,72.501562,5.2,4.9
23.008187,72.50156,11.2,4.9
23.008164,72.501562,13.4,4.9
23.008131,72.501573,13.4,4.9
23.008099,72.501592,13.2,4.9
23.008071,72.501616,13.1,4.9
23.008048,72.501643,13,4.9
23.008028,72.501673,13,4.9
23.008012,72.501706,12.7,4.9
23.008,72.501739,12.3,4.9
23.007998,72.501771,10,4.9
23.008005,72.501799,10.9,4.9
23.008024,72.501821,12.2,4.9
23.008056,72.501837,12.9,4.9
23.008094,72.501848,14.5,4.9
23.008135,72.501856,17.1,4.9
23.008183,72.501861,20.4,4.9
23.00827,72.501858,21.4,4.9
23.008322,72.501873,19.4,4.9
23.008357,72.501885,19.4,4.9
23.008404,72.5019,23.4,4.9
23.008464,72.501919,25.8,4.9
23.008516,72.501931,29.5,4.9
23.008595,72.501953,28.8,4.9
23.008664,72.501971,28.3,4.9
23.008732,72.501993,27.6,4.9
23.008801,72.502019,27.9,4.9
23.008869,72.502037,28,4.9
23.008936,72.502061,28,4.9
23.009005,72.50208,27.3,4.9
23.009068,72.502098,26.1,4.9
23.009137,72.502118,25.5,4.9
23.009189,72.502119,24.5,4.9
23.009247,72.502135,24,4.9
23.009309,72.502156,25.1,4.9
23.009367,72.502176,27.7,4.9
23.009429,72.502189,28.5,4.9
23.009496,72.502213,28.1,4.9
23.009566,72.502234,27.1,4.9
23.009634,72.502259,25.9,4.9
23.009691,72.502281,26.8,4.9
23.00976,72.502302,26.8,4.9
23.009824,72.502321,22.4,4.9
23.009881,72.502338,19.1,4.9
23.009929,72.502348,19.1,4.9
23.009974,72.502363,18.1,4.9
23.010016,72.50237,14.8,4.9
23.010051,72.502398,11.6,4.9
23.010072,72.502418,13.1,4.9
23.010093,72.502438,14.6,4.9
23.010118,72.502467,16.2,4.9
23.010141,72.502497,16.2,5
23.010158,72.502537,24.5,5
23.010165,72.502618,24.5,5
23.010177,72.502683,26,5
23.010165,72.502757,26,5